{"n_classes": 3, "n_trees": 200, "trees": [{"children_left": [1, 2, 3, 4, 5, 6, 7, -1, -1, -1, 11, 12, -1, 14, -1, -1, -1, 18, 19, -1, -1, 22, -1, 24, -1, -1, 27, 28, -1, -1, -1, 32, 33, 34, -1, -1, -1, -1, 39, 40, -1, 42, -1, -1, -1], "children_right": [38, 31, 26, 17, 10, 9, 8, -1, -1, -1, 16, 13, -1, 15, -1, -1, -1, 21, 20, -1, -1, 23, -1, 25, -1, -1, 30, 29, -1, -1, -1, 37, 36, 35, -1, -1, -1, -1, 44, 41, -1, 43, -1, -1, -1], "feature": [0, 1, 8, 2, 23, 11, 28, -2, -2, -2, 30, 20, -2, 3, -2, -2, -2, 24, 27, -2, -2, 31, -2, 18, -2, -2, 2, 28, -2, -2, -2, 13, 23, 22, -2, -2, -2, -2, 19, 12, -2, 28, -2, -2, -2], "threshold": [0.5, 0.5, 0.5, 0.5, 0.5, 0.5, 0.5, -2.0, -2.0, -2.0, 0.5, 0.5, -2.0, 0.5, -2.0, -2.0, -2.0, 0.5, 0.5, -2.0, -2.0, 0.5, -2.0, 0.5, -2.0, -2.0, 0.5, 0.5, -2.0, -2.0, -2.0, 0.5, 0.5, 0.5, -2.0, -2.0, -2.0, -2.0, 0.5, 0.5, -2.0, 0.5, -2.0, -2.0, -2.0], "values": [[0.3111111111111111, 0.3393939393939394, 0.34949494949494947], [0.3771712158808933, 0.3250620347394541, 0.2977667493796526], [0.4472049689440994, 0.2795031055900621, 0.2732919254658385], [0.38202247191011235, 0.3146067415730337, 0.30337078651685395], [0.5161290322580645, 0.25806451612903225, 0.22580645161290322], [0.26582278481012656, 0.4177215189873418, 0.31645569620253167], [0.15873015873015872, 0.4603174603174603, 0.38095238095238093], [0.3181818181818182, 0.09090909090909091, 0.5909090909090909], [0.07317073170731707, 0.6585365853658537, 0.2682926829268293], [0.6875, 0.25, 0.0625], [0.7763157894736842, 0.09210526315789473, 0.13157894736842105], [0.875, 0.020833333333333332, 0.10416666666666667], [0.7368421052631579, 0.05263157894736842, 0.21052631578947367], [0.9655172413793104, 0.0, 0.034482758620689655], [1.0, 0.0, 0.0], [0.9333333333333333, 0.0, 0.06666666666666667], [0.6071428571428571, 0.21428571428571427, 0.17857142857142858], [0.19642857142857142, 0.39285714285714285, 0.4107142857142857], [0.0625, 0.6666666666666666, 0.2708333333333333], [0.03125, 0.78125, 0.1875], [0.125, 0.4375, 0.4375], [0.296875, 0.1875, 0.515625], [0.34375, 0.3125, 0.34375], [0.25, 0.0625, 0.6875], [0.125, 0.125, 0.75], [0.375, 0.0, 0.625], [0.7636363636363637, 0.10909090909090909, 0.12727272727272726], [0.875, 0.09375, 0.03125], [0.95, 0.0, 0.05], [0.75, 0.25, 0.0], [0.6086956521739131, 0.13043478260869565, 0.2608695652173913], [0.09876543209876543, 0.5061728395061729, 0.3950617283950617], [0.07352941176470588, 0.5147058823529411, 0.4117647058823529], [0.0, 0.6585365853658537, 0.34146341463414637], [0.0, 0.46153846153846156, 0.5384615384615384], [0.0, 0.75, 0.25], [0.18518518518518517, 0.2962962962962963, 0.5185185185185185], [0.23076923076923078, 0.46153846153846156, 0.3076923076923077], [0.021739130434782608, 0.40217391304347827, 0.5760869565217391], [0.025, 0.4375, 0.5375], [0.04081632653061224, 0.30612244897959184, 0.6530612244897959], [0.0, 0.6451612903225806, 0.3548387096774194], [0.0, 0.4666666666666667, 0.5333333333333333], [0.0, 0.8125, 0.1875], [0.0, 0.16666666666666666, 0.8333333333333334]]}, {"children_left": [1, 2, 3, 4, 5, 6, -1, -1, -1, -1, 11, -1, -1, 14, 15, 16, 17, 18, 19, 20, -1, -1, -1, -1, -1, -1, -1, -1, 29, 30, 31, 32, 33, -1, -1, -1, 37, -1, -1, 40, 41, 42, -1, 44, -1, -1, -1, -1, -1], "children_right": [28, 13, 10, 9, 8, 7, -1, -1, -1, -1, 12, -1, -1, 27, 26, 25, 24, 23, 22, 21, -1, -1, -1, -1, -1, -1, -1, -1, 48, 39, 36, 35, 34, -1, -1, -1, 38, -1, -1, 47, 46, 43, -1, 45, -1, -1, -1, -1, -1], "feature": [23, 26, 32, 21, 24, 20, -2, -2, -2, -2, 24, -2, -2, 16, 1, 25, 27, 13, 3, 10, -2, -2, -2, -2, -2, -2, -2, -2, 0, 32, 21, 3, 27, -2, -2, -2, 26, -2, -2, 30, 2, 21, -2, 4, -2, -2, -2, -2, -2], "threshold": [0.5, 0.5, 0.5, 0.5, 0.5, 0.5, -2.0, -2.0, -2.0, -2.0, 0.5, -2.0, -2.0, 0.5, 0.5, 0.5, 0.5, 0.5, 0.5, 0.5, -2.0, -2.0, -2.0, -2.0, -2.0, -2.0, -2.0, -2.0, 0.5, 0.5, 0.5, 0.5, 0.5, -2.0, -2.0, -2.0, 0.5, -2.0, -2.0, 0.5, 0.5, 0.5, -2.0, 0.5, -2.0, -2.0, -2.0, -2.0, -2.0], "values": [[0.31717171717171716, 0.3434343434343434, 0.3393939393939394], [0.12937062937062938, 0.4755244755244755, 0.3951048951048951], [0.13333333333333333, 0.28888888888888886, 0.5777777777777777], [0.06382978723404255, 0.32978723404255317, 0.6063829787234043], [0.057971014492753624, 0.30434782608695654, 0.6376811594202898], [0.0, 0.38461538461538464, 0.6153846153846154], [0.0, 0.42857142857142855, 0.5714285714285714], [0.0, 0.3333333333333333, 0.6666666666666666], [0.13333333333333333, 0.2, 0.6666666666666666], [0.08, 0.4, 0.52], [0.2926829268292683, 0.1951219512195122, 0.5121951219512195], [0.15384615384615385, 0.07692307692307693, 0.7692307692307693], [0.35714285714285715, 0.25, 0.39285714285714285], [0.12582781456953643, 0.6423841059602649, 0.23178807947019867], [0.13008130081300814, 0.5934959349593496, 0.2764227642276423], [0.16161616161616163, 0.5454545454545454, 0.29292929292929293], [0.18840579710144928, 0.463768115942029, 0.34782608695652173], [0.14545454545454545, 0.5454545454545454, 0.3090909090909091], [0.10256410256410256, 0.5641025641025641, 0.3333333333333333], [0.0, 0.6666666666666666, 0.3333333333333333], [0.0, 0.7857142857142857, 0.21428571428571427], [0.0, 0.5, 0.5], [0.26666666666666666, 0.4, 0.3333333333333333], [0.25, 0.5, 0.25], [0.35714285714285715, 0.14285714285714285, 0.5], [0.1, 0.7333333333333333, 0.16666666666666666], [0.0, 0.7916666666666666, 0.20833333333333334], [0.10714285714285714, 0.8571428571428571, 0.03571428571428571], [0.5741626794258373, 0.16267942583732056, 0.2631578947368421], [0.6363636363636364, 0.1443850267379679, 0.2192513368983957], [0.45569620253164556, 0.27848101265822783, 0.26582278481012656], [0.3333333333333333, 0.3333333333333333, 0.3333333333333333], [0.14285714285714285, 0.4642857142857143, 0.39285714285714285], [0.2, 0.4666666666666667, 0.3333333333333333], [0.07692307692307693, 0.46153846153846156, 0.46153846153846156], [0.6470588235294118, 0.11764705882352941, 0.23529411764705882], [0.6176470588235294, 0.20588235294117646, 0.17647058823529413], [0.3125, 0.3125, 0.375], [0.8888888888888888, 0.1111111111111111, 0.0], [0.7685185185185185, 0.046296296296296294, 0.18518518518518517], [0.7317073170731707, 0.036585365853658534, 0.23170731707317074], [0.78125, 0.046875, 0.171875], [0.6896551724137931, 0.06896551724137931, 0.2413793103448276], [0.8571428571428571, 0.02857142857142857, 0.11428571428571428], [0.7916666666666666, 0.041666666666666664, 0.16666666666666666], [1.0, 0.0, 0.0], [0.5555555555555556, 0.0, 0.4444444444444444], [0.8846153846153846, 0.07692307692307693, 0.038461538461538464], [0.045454545454545456, 0.3181818181818182, 0.6363636363636364]]}, {"children_left": [1, 2, 3, 4, 5, 6, 7, 8, -1, -1, -1, 12, 13, 14, -1, -1, -1, 18, -1, -1, -1, 22, -1, -1, 25, 26, -1, -1, 29, -1, -1, 32, 33, -1, -1, 36, -1, -1, 39, 40, 41, 42, 43, -1, -1, -1, -1, -1, 49, -1, -1], "children_right": [38, 31, 24, 21, 20, 11, 10, 9, -1, -1, -1, 17, 16, 15, -1, -1, -1, 19, -1, -1, -1, 23, -1, -1, 28, 27, -1, -1, 30, -1, -1, 35, 34, -1, -1, 37, -1, -1, 48, 47, 46, 45, 44, -1, -1, -1, -1, -1, 50, -1, -1], "feature": [3, 1, 32, 4, 6, 2, 28, 7, -2, -2, -2, 20, 31, 21, -2, -2, -2, 30, -2, -2, -2, 25, -2, -2, 4, 7, -2, -2, 27, -2, -2, 26, 12, -2, -2, 7, -2, -2, 6, 11, 13, 20, 23, -2, -2, -2, -2, -2, 31, -2, -2], "threshold": [0.5, 0.5, 0.5, 0.5, 0.5, 0.5, 0.5, 0.5, -2.0, -2.0, -2.0, 0.5, 0.5, 0.5, -2.0, -2.0, -2.0, 0.5, -2.0, -2.0, -2.0, 0.5, -2.0, -2.0, 0.5, 0.5, -2.0, -2.0, 0.5, -2.0, -2.0, 0.5, 0.5, -2.0, -2.0, 0.5, -2.0, -2.0, 0.5, 0.5, 0.5, 0.5, 0.5, -2.0, -2.0, -2.0, -2.0, -2.0, 0.5, -2.0, -2.0], "values": [[0.3292929292929293, 0.296969696969697, 0.37373737373737376], [0.23497267759562843, 0.3442622950819672, 0.4207650273224044], [0.2737226277372263, 0.33211678832116787, 0.39416058394160586], [0.14948453608247422, 0.42783505154639173, 0.422680412371134], [0.09146341463414634, 0.43902439024390244, 0.4695121951219512], [0.10344827586206896, 0.41379310344827586, 0.4827586206896552], [0.0, 0.5178571428571429, 0.48214285714285715], [0.0, 0.4318181818181818, 0.5681818181818182], [0.0, 0.5185185185185185, 0.48148148148148145], [0.0, 0.29411764705882354, 0.7058823529411765], [0.0, 0.8333333333333334, 0.16666666666666666], [0.16853932584269662, 0.34831460674157305, 0.48314606741573035], [0.08620689655172414, 0.39655172413793105, 0.5172413793103449], [0.125, 0.45, 0.425], [0.0967741935483871, 0.3870967741935484, 0.5161290322580645], [0.2222222222222222, 0.6666666666666666, 0.1111111111111111], [0.0, 0.2777777777777778, 0.7222222222222222], [0.3225806451612903, 0.25806451612903225, 0.41935483870967744], [0.42857142857142855, 0.09523809523809523, 0.47619047619047616], [0.1, 0.6, 0.3], [0.0, 0.631578947368421, 0.3684210526315789], [0.4666666666666667, 0.36666666666666664, 0.16666666666666666], [0.625, 0.125, 0.25], [0.2857142857142857, 0.6428571428571429, 0.07142857142857142], [0.575, 0.1, 0.325], [0.29411764705882354, 0.17647058823529413, 0.5294117647058824], [0.3333333333333333, 0.3333333333333333, 0.3333333333333333], [0.2631578947368421, 0.05263157894736842, 0.6842105263157895], [0.782608695652174, 0.043478260869565216, 0.17391304347826086], [0.6666666666666666, 0.0, 0.3333333333333333], [0.9090909090909091, 0.09090909090909091, 0.0], [0.11956521739130435, 0.3804347826086957, 0.5], [0.08064516129032258, 0.2903225806451613, 0.6290322580645161], [0.046511627906976744, 0.2558139534883721, 0.6976744186046512], [0.15789473684210525, 0.3684210526315789, 0.47368421052631576], [0.2, 0.5666666666666667, 0.23333333333333334], [0.0, 0.8571428571428571, 0.14285714285714285], [0.375, 0.3125, 0.3125], [0.5968992248062015, 0.16279069767441862, 0.24031007751937986], [0.6634615384615384, 0.16346153846153846, 0.17307692307692307], [0.5844155844155844, 0.2077922077922078, 0.2077922077922078], [0.4745762711864407, 0.2711864406779661, 0.2542372881355932], [0.3448275862068966, 0.4482758620689655, 0.20689655172413793], [0.1111111111111111, 0.5555555555555556, 0.3333333333333333], [0.7272727272727273, 0.2727272727272727, 0.0], [0.6, 0.1, 0.3], [0.9444444444444444, 0.0, 0.05555555555555555], [0.8888888888888888, 0.037037037037037035, 0.07407407407407407], [0.32, 0.16, 0.52], [0.35714285714285715, 0.2857142857142857, 0.35714285714285715], [0.2727272727272727, 0.0, 0.7272727272727273]]}, {"children_left": [1, 2, 3, 4, 5, 6, 7, -1, -1, -1, -1, 12, -1, -1, 15, -1, -1, 18, 19, -1, -1, -1, 23, 24, 25, 26, 27, 28, -1, -1, -1, 32, -1, -1, 35, -1, 37, -1, -1, 40, -1, 42, 43, -1, -1, -1, 47, -1, 49, -1, -1], "children_right": [22, 17, 14, 11, 10, 9, 8, -1, -1, -1, -1, 13, -1, -1, 16, -1, -1, 21, 20, -1, -1, -1, 46, 39, 34, 31, 30, 29, -1, -1, -1, 33, -1, -1, 36, -1, 38, -1, -1, 41, -1, 45, 44, -1, -1, -1, 48, -1, 50, -1, -1], "feature": [24, 18, 1, 0, 22, 17, 27, -2, -2, -2, -2, 28, -2, -2, 17, -2, -2, 23, 12, -2, -2, -2, 8, 3, 26, 32, 11, 12, -2, -2, -2, 27, -2, -2, 28, -2, 7, -2, -2, 31, -2, 12, 26, -2, -2, -2, 32, -2, 21, -2, -2], "threshold": [0.5, 0.5, 0.5, 0.5, 0.5, 0.5, 0.5, -2.0, -2.0, -2.0, -2.0, 0.5, -2.0, -2.0, 0.5, -2.0, -2.0, 0.5, 0.5, -2.0, -2.0, -2.0, 0.5, 0.5, 0.5, 0.5, 0.5, 0.5, -2.0, -2.0, -2.0, 0.5, -2.0, -2.0, 0.5, -2.0, 0.5, -2.0, -2.0, 0.5, -2.0, 0.5, 0.5, -2.0, -2.0, -2.0, 0.5, -2.0, 0.5, -2.0, -2.0], "values": [[0.3292929292929293, 0.3333333333333333, 0.3373737373737374], [0.1341991341991342, 0.5021645021645021, 0.36363636363636365], [0.08648648648648649, 0.4864864864864865, 0.42702702702702705], [0.0979020979020979, 0.44755244755244755, 0.45454545454545453], [0.15555555555555556, 0.4888888888888889, 0.35555555555555557], [0.2545454545454545, 0.509090909090909, 0.23636363636363636], [0.22857142857142856, 0.6571428571428571, 0.11428571428571428], [0.2, 0.68, 0.12], [0.3, 0.6, 0.1], [0.3, 0.25, 0.45], [0.0, 0.45714285714285713, 0.5428571428571428], [0.0, 0.37735849056603776, 0.6226415094339622], [0.0, 0.2564102564102564, 0.7435897435897436], [0.0, 0.7142857142857143, 0.2857142857142857], [0.047619047619047616, 0.6190476190476191, 0.3333333333333333], [0.08, 0.52, 0.4], [0.0, 0.7647058823529411, 0.23529411764705882], [0.32608695652173914, 0.5652173913043478, 0.10869565217391304], [0.20689655172413793, 0.7241379310344828, 0.06896551724137931], [0.15384615384615385, 0.8461538461538461, 0.0], [0.25, 0.625, 0.125], [0.5294117647058824, 0.29411764705882354, 0.17647058823529413], [0.5, 0.1856060606060606, 0.3143939393939394], [0.44019138755980863, 0.22009569377990432, 0.3397129186602871], [0.3448275862068966, 0.22758620689655173, 0.42758620689655175], [0.3118279569892473, 0.17204301075268819, 0.5161290322580645], [0.1276595744680851, 0.2553191489361702, 0.6170212765957447], [0.08333333333333333, 0.3333333333333333, 0.5833333333333334], [0.15789473684210525, 0.15789473684210525, 0.6842105263157895], [0.0, 0.5294117647058824, 0.47058823529411764], [0.2727272727272727, 0.0, 0.7272727272727273], [0.5, 0.08695652173913043, 0.41304347826086957], [0.3333333333333333, 0.047619047619047616, 0.6190476190476191], [0.64, 0.12, 0.24], [0.40384615384615385, 0.3269230769230769, 0.2692307692307692], [0.5, 0.0625, 0.4375], [0.3611111111111111, 0.4444444444444444, 0.19444444444444445], [0.15789473684210525, 0.6842105263157895, 0.15789473684210525], [0.5882352941176471, 0.17647058823529413, 0.23529411764705882], [0.65625, 0.203125, 0.140625], [0.5652173913043478, 0.30434782608695654, 0.13043478260869565], [0.7073170731707317, 0.14634146341463414, 0.14634146341463414], [0.7142857142857143, 0.10714285714285714, 0.17857142857142858], [0.4444444444444444, 0.0, 0.5555555555555556], [0.8421052631578947, 0.15789473684210525, 0.0], [0.6923076923076923, 0.23076923076923078, 0.07692307692307693], [0.7272727272727273, 0.05454545454545454, 0.21818181818181817], [0.7058823529411765, 0.0, 0.29411764705882354], [0.7368421052631579, 0.07894736842105263, 0.18421052631578946], [0.5789473684210527, 0.10526315789473684, 0.3157894736842105], [0.8947368421052632, 0.05263157894736842, 0.05263157894736842]]}, {"children_left": [1, 2, 3, 4, 5, 6, 7, 8, -1, -1, -1, -1, 13, 14, -1, -1, -1, 18, -1, -1, -1, 22, 23, 24, 25, -1, -1, 28, -1, -1, 31, -1, -1, -1, 35, 36, -1, -1, 39, 40, -1, -1, -1], "children_right": [34, 21, 20, 17, 12, 11, 10, 9, -1, -1, -1, -1, 16, 15, -1, -1, -1, 19, -1, -1, -1, 33, 30, 27, 26, -1, -1, 29, -1, -1, 32, -1, -1, -1, 38, 37, -1, -1, 42, 41, -1, -1, -1], "feature": [6, 26, 4, 18, 2, 28, 3, 1, -2, -2, -2, -2, 32, 20, -2, -2, -2, 27, -2, -2, -2, 0, 3, 21, 32, -2, -2, 28, -2, -2, 27, -2, -2, -2, 24, 27, -2, -2, 3, 21, -2, -2, -2], "threshold": [0.5, 0.5, 0.5, 0.5, 0.5, 0.5, 0.5, 0.5, -2.0, -2.0, -2.0, -2.0, 0.5, 0.5, -2.0, -2.0, -2.0, 0.5, -2.0, -2.0, -2.0, 0.5, 0.5, 0.5, 0.5, -2.0, -2.0, 0.5, -2.0, -2.0, 0.5, -2.0, -2.0, -2.0, 0.5, 0.5, -2.0, -2.0, 0.5, 0.5, -2.0, -2.0, -2.0], "values": [[0.31313131313131315, 0.34949494949494947, 0.3373737373737374], [0.3209549071618037, 0.3129973474801061, 0.3660477453580902], [0.3465346534653465, 0.19306930693069307, 0.4603960396039604], [0.26744186046511625, 0.20348837209302326, 0.5290697674418605], [0.15625, 0.25, 0.59375], [0.1625, 0.1625, 0.675], [0.109375, 0.140625, 0.75], [0.019230769230769232, 0.15384615384615385, 0.8269230769230769], [0.0, 0.1388888888888889, 0.8611111111111112], [0.0625, 0.1875, 0.75], [0.5, 0.08333333333333333, 0.4166666666666667], [0.375, 0.25, 0.375], [0.14583333333333334, 0.3958333333333333, 0.4583333333333333], [0.1, 0.425, 0.475], [0.17647058823529413, 0.47058823529411764, 0.35294117647058826], [0.043478260869565216, 0.391304347826087, 0.5652173913043478], [0.375, 0.25, 0.375], [0.5909090909090909, 0.06818181818181818, 0.3409090909090909], [0.47619047619047616, 0.09523809523809523, 0.42857142857142855], [0.6956521739130435, 0.043478260869565216, 0.2608695652173913], [0.8, 0.13333333333333333, 0.06666666666666667], [0.2914285714285714, 0.4514285714285714, 0.2571428571428571], [0.34265734265734266, 0.3776223776223776, 0.27972027972027974], [0.2755102040816326, 0.4387755102040816, 0.2857142857142857], [0.20930232558139536, 0.3488372093023256, 0.4418604651162791], [0.08, 0.56, 0.36], [0.3888888888888889, 0.05555555555555555, 0.5555555555555556], [0.32727272727272727, 0.509090909090909, 0.16363636363636364], [0.5625, 0.1875, 0.25], [0.23076923076923078, 0.6410256410256411, 0.1282051282051282], [0.4888888888888889, 0.24444444444444444, 0.26666666666666666], [0.3157894736842105, 0.47368421052631576, 0.21052631578947367], [0.6153846153846154, 0.07692307692307693, 0.3076923076923077], [0.0625, 0.78125, 0.15625], [0.288135593220339, 0.4661016949152542, 0.2457627118644068], [0.06, 0.68, 0.26], [0.0, 0.6, 0.4], [0.15, 0.8, 0.05], [0.45588235294117646, 0.3088235294117647, 0.23529411764705882], [0.39215686274509803, 0.3137254901960784, 0.29411764705882354], [0.14285714285714285, 0.4642857142857143, 0.39285714285714285], [0.6956521739130435, 0.13043478260869565, 0.17391304347826086], [0.6470588235294118, 0.29411764705882354, 0.058823529411764705]]}, {"children_left": [1, 2, 3, 4, 5, 6, 7, -1, -1, -1, -1, 12, -1, -1, 15, 16, 17, -1, -1, -1, -1, -1, 23, 24, 25, 26, 27, 28, -1, -1, 31, -1, -1, -1, -1, 36, -1, -1, 39, 40, -1, -1, 43, -1, -1], "children_right": [22, 21, 14, 11, 10, 9, 8, -1, -1, -1, -1, 13, -1, -1, 20, 19, 18, -1, -1, -1, -1, -1, 38, 35, 34, 33, 30, 29, -1, -1, 32, -1, -1, -1, -1, 37, -1, -1, 42, 41, -1, -1, 44, -1, -1], "feature": [28, 4, 32, 16, 15, 20, 24, -2, -2, -2, -2, 24, -2, -2, 13, 21, 20, -2, -2, -2, -2, -2, 20, 8, 3, 23, 7, 10, -2, -2, 24, -2, -2, -2, -2, 24, -2, -2, 31, 32, -2, -2, 21, -2, -2], "threshold": [0.5, 0.5, 0.5, 0.5, 0.5, 0.5, 0.5, -2.0, -2.0, -2.0, -2.0, 0.5, -2.0, -2.0, 0.5, 0.5, 0.5, -2.0, -2.0, -2.0, -2.0, -2.0, 0.5, 0.5, 0.5, 0.5, 0.5, 0.5, -2.0, -2.0, 0.5, -2.0, -2.0, -2.0, -2.0, 0.5, -2.0, -2.0, 0.5, 0.5, -2.0, -2.0, 0.5, -2.0, -2.0], "values": [[0.36363636363636365, 0.3090909090909091, 0.32727272727272727], [0.3870967741935484, 0.1863799283154122, 0.4265232974910394], [0.30434782608695654, 0.20434782608695654, 0.49130434782608695], [0.18571428571428572, 0.2714285714285714, 0.5428571428571428], [0.23008849557522124, 0.30973451327433627, 0.46017699115044247], [0.2839506172839506, 0.25925925925925924, 0.4567901234567901], [0.22727272727272727, 0.18181818181818182, 0.5909090909090909], [0.21052631578947367, 0.10526315789473684, 0.6842105263157895], [0.24, 0.24, 0.52], [0.35135135135135137, 0.35135135135135137, 0.2972972972972973], [0.09375, 0.4375, 0.46875], [0.0, 0.1111111111111111, 0.8888888888888888], [0.0, 0.07142857142857142, 0.9285714285714286], [0.0, 0.15384615384615385, 0.8461538461538461], [0.4888888888888889, 0.1, 0.4111111111111111], [0.5645161290322581, 0.14516129032258066, 0.2903225806451613], [0.47619047619047616, 0.16666666666666666, 0.35714285714285715], [0.3333333333333333, 0.16666666666666666, 0.5], [0.5833333333333334, 0.16666666666666666, 0.25], [0.75, 0.1, 0.15], [0.32142857142857145, 0.0, 0.6785714285714286], [0.7755102040816326, 0.10204081632653061, 0.12244897959183673], [0.3333333333333333, 0.4675925925925926, 0.19907407407407407], [0.22784810126582278, 0.5632911392405063, 0.2088607594936709], [0.16923076923076924, 0.6, 0.23076923076923078], [0.08080808080808081, 0.6868686868686869, 0.23232323232323232], [0.036585365853658534, 0.7195121951219512, 0.24390243902439024], [0.0, 0.88, 0.12], [0.0, 0.9393939393939394, 0.06060606060606061], [0.0, 0.7647058823529411, 0.23529411764705882], [0.09375, 0.46875, 0.4375], [0.0, 0.631578947368421, 0.3684210526315789], [0.23076923076923078, 0.23076923076923078, 0.5384615384615384], [0.29411764705882354, 0.5294117647058824, 0.17647058823529413], [0.45161290322580644, 0.3225806451612903, 0.22580645161290322], [0.5, 0.39285714285714285, 0.10714285714285714], [0.07692307692307693, 0.7692307692307693, 0.15384615384615385], [0.8666666666666667, 0.06666666666666667, 0.06666666666666667], [0.6206896551724138, 0.20689655172413793, 0.1724137931034483], [0.5238095238095238, 0.23809523809523808, 0.23809523809523808], [0.2222222222222222, 0.5555555555555556, 0.2222222222222222], [0.75, 0.0, 0.25], [0.6756756756756757, 0.1891891891891892, 0.13513513513513514], [0.3076923076923077, 0.3076923076923077, 0.38461538461538464], [0.875, 0.125, 0.0]]}, {"children_left": [1, 2, 3, 4, 5, 6, 7, 8, -1, -1, -1, 12, -1, -1, 15, -1, -1, 18, 19, -1, -1, 22, -1, -1, 25, 26, -1, -1, -1, 30, 31, -1, 33, -1, -1, 36, 37, -1, -1, 40, -1, -1, 43, 44, -1, -1, 47, -1, -1], "children_right": [42, 29, 24, 17, 14, 11, 10, 9, -1, -1, -1, 13, -1, -1, 16, -1, -1, 21, 20, -1, -1, 23, -1, -1, 28, 27, -1, -1, -1, 35, 32, -1, 34, -1, -1, 39, 38, -1, -1, 41, -1, -1, 46, 45, -1, -1, 48, -1, -1], "feature": [4, 3, 32, 28, 1, 20, 24, 0, -2, -2, -2, 12, -2, -2, 27, -2, -2, 12, 7, -2, -2, 17, -2, -2, 24, 27, -2, -2, -2, 23, 32, -2, 12, -2, -2, 20, 8, -2, -2, 21, -2, -2, 27, 7, -2, -2, 20, -2, -2], "threshold": [0.5, 0.5, 0.5, 0.5, 0.5, 0.5, 0.5, 0.5, -2.0, -2.0, -2.0, 0.5, -2.0, -2.0, 0.5, -2.0, -2.0, 0.5, 0.5, -2.0, -2.0, 0.5, -2.0, -2.0, 0.5, 0.5, -2.0, -2.0, -2.0, 0.5, 0.5, -2.0, 0.5, -2.0, -2.0, 0.5, 0.5, -2.0, -2.0, 0.5, -2.0, -2.0, 0.5, 0.5, -2.0, -2.0, 0.5, -2.0, -2.0], "values": [[0.3696969696969697, 0.31313131313131315, 0.31717171717171716], [0.2946859903381642, 0.3526570048309179, 0.3526570048309179], [0.15162454873646208, 0.4043321299638989, 0.44404332129963897], [0.06565656565656566, 0.4393939393939394, 0.494949494949495], [0.046511627906976744, 0.32558139534883723, 0.627906976744186], [0.061224489795918366, 0.3673469387755102, 0.5714285714285714], [0.04477611940298507, 0.43283582089552236, 0.5223880597014925], [0.021739130434782608, 0.5434782608695652, 0.43478260869565216], [0.06666666666666667, 0.7333333333333333, 0.2], [0.0, 0.45161290322580644, 0.5483870967741935], [0.09523809523809523, 0.19047619047619047, 0.7142857142857143], [0.0967741935483871, 0.22580645161290322, 0.6774193548387096], [0.21428571428571427, 0.0, 0.7857142857142857], [0.0, 0.4117647058823529, 0.5882352941176471], [0.0, 0.1935483870967742, 0.8064516129032258], [0.0, 0.375, 0.625], [0.0, 0.0, 1.0], [0.10144927536231885, 0.6521739130434783, 0.2463768115942029], [0.08823529411764706, 0.5294117647058824, 0.38235294117647056], [0.0, 0.5833333333333334, 0.4166666666666667], [0.3, 0.4, 0.3], [0.11428571428571428, 0.7714285714285715, 0.11428571428571428], [0.16, 0.84, 0.0], [0.0, 0.6, 0.4], [0.3670886075949367, 0.31645569620253167, 0.31645569620253167], [0.4583333333333333, 0.375, 0.16666666666666666], [0.25, 0.4166666666666667, 0.3333333333333333], [0.6666666666666666, 0.3333333333333333, 0.0], [0.32727272727272727, 0.2909090909090909, 0.38181818181818183], [0.583941605839416, 0.24817518248175183, 0.1678832116788321], [0.38461538461538464, 0.4461538461538462, 0.16923076923076924], [0.19230769230769232, 0.6538461538461539, 0.15384615384615385], [0.5128205128205128, 0.3076923076923077, 0.1794871794871795], [0.4482758620689655, 0.3793103448275862, 0.1724137931034483], [0.7, 0.1, 0.2], [0.7638888888888888, 0.06944444444444445, 0.16666666666666666], [0.8709677419354839, 0.0967741935483871, 0.03225806451612903], [0.7647058823529411, 0.17647058823529413, 0.058823529411764705], [1.0, 0.0, 0.0], [0.6829268292682927, 0.04878048780487805, 0.2682926829268293], [0.75, 0.1, 0.15], [0.6190476190476191, 0.0, 0.38095238095238093], [0.7530864197530864, 0.1111111111111111, 0.13580246913580246], [0.6153846153846154, 0.10256410256410256, 0.28205128205128205], [0.6086956521739131, 0.0, 0.391304347826087], [0.625, 0.25, 0.125], [0.8809523809523809, 0.11904761904761904, 0.0], [0.7333333333333333, 0.26666666666666666, 0.0], [0.9629629629629629, 0.037037037037037035, 0.0]]}, {"children_left": [1, 2, 3, 4, 5, 6, 7, -1, -1, -1, 11, -1, -1, -1, 15, 16, 17, 18, -1, -1, -1, 22, -1, -1, -1, 26, 27, -1, 29, 30, -1, -1, -1, 34, 35, 36, -1, -1, -1, -1, 41, 42, 43, -1, -1, 46, -1, -1, -1], "children_right": [40, 25, 14, 13, 10, 9, 8, -1, -1, -1, 12, -1, -1, -1, 24, 21, 20, 19, -1, -1, -1, 23, -1, -1, -1, 33, 28, -1, 32, 31, -1, -1, -1, 39, 38, 37, -1, -1, -1, -1, 48, 45, 44, -1, -1, 47, -1, -1, -1], "feature": [0, 28, 32, 4, 23, 22, 31, -2, -2, -2, 7, -2, -2, -2, 16, 8, 17, 20, -2, -2, -2, 19, -2, -2, -2, 24, 26, -2, 32, 12, -2, -2, -2, 6, 2, 23, -2, -2, -2, -2, 31, 26, 10, -2, -2, 10, -2, -2, -2], "threshold": [0.5, 0.5, 0.5, 0.5, 0.5, 0.5, 0.5, -2.0, -2.0, -2.0, 0.5, -2.0, -2.0, -2.0, 0.5, 0.5, 0.5, 0.5, -2.0, -2.0, -2.0, 0.5, -2.0, -2.0, -2.0, 0.5, 0.5, -2.0, 0.5, 0.5, -2.0, -2.0, -2.0, 0.5, 0.5, 0.5, -2.0, -2.0, -2.0, -2.0, 0.5, 0.5, 0.5, -2.0, -2.0, 0.5, -2.0, -2.0, -2.0], "values": [[0.3575757575757576, 0.298989898989899, 0.3434343434343434], [0.4251207729468599, 0.28019323671497587, 0.2946859903381642], [0.492, 0.14, 0.368], [0.3230769230769231, 0.17692307692307693, 0.5], [0.26956521739130435, 0.17391304347826086, 0.5565217391304348], [0.07017543859649122, 0.22807017543859648, 0.7017543859649122], [0.08108108108108109, 0.2972972972972973, 0.6216216216216216], [0.09090909090909091, 0.45454545454545453, 0.45454545454545453], [0.06666666666666667, 0.06666666666666667, 0.8666666666666667], [0.05, 0.1, 0.85], [0.46551724137931033, 0.1206896551724138, 0.41379310344827586], [0.3157894736842105, 0.0, 0.6842105263157895], [0.5384615384615384, 0.1794871794871795, 0.28205128205128205], [0.7333333333333333, 0.2, 0.06666666666666667], [0.675, 0.1, 0.225], [0.6444444444444445, 0.1, 0.25555555555555554], [0.65, 0.03333333333333333, 0.31666666666666665], [0.5952380952380952, 0.023809523809523808, 0.38095238095238093], [0.38095238095238093, 0.047619047619047616, 0.5714285714285714], [0.8095238095238095, 0.0, 0.19047619047619047], [0.7777777777777778, 0.05555555555555555, 0.16666666666666666], [0.6333333333333333, 0.23333333333333334, 0.13333333333333333], [0.6875, 0.25, 0.0625], [0.5714285714285714, 0.21428571428571427, 0.21428571428571427], [0.7666666666666667, 0.1, 0.13333333333333333], [0.3231707317073171, 0.49390243902439024, 0.18292682926829268], [0.0547945205479452, 0.7397260273972602, 0.2054794520547945], [0.09523809523809523, 0.47619047619047616, 0.42857142857142855], [0.038461538461538464, 0.8461538461538461, 0.11538461538461539], [0.0, 0.926829268292683, 0.07317073170731707], [0.0, 1.0, 0.0], [0.0, 0.7692307692307693, 0.23076923076923078], [0.18181818181818182, 0.5454545454545454, 0.2727272727272727], [0.5384615384615384, 0.2967032967032967, 0.16483516483516483], [0.6615384615384615, 0.18461538461538463, 0.15384615384615385], [0.8, 0.15555555555555556, 0.044444444444444446], [0.6875, 0.3125, 0.0], [0.8620689655172413, 0.06896551724137931, 0.06896551724137931], [0.35, 0.25, 0.4], [0.23076923076923078, 0.5769230769230769, 0.19230769230769232], [0.012345679012345678, 0.3950617283950617, 0.5925925925925926], [0.01694915254237288, 0.4745762711864407, 0.5084745762711864], [0.029411764705882353, 0.29411764705882354, 0.6764705882352942], [0.0, 0.2727272727272727, 0.7272727272727273], [0.08333333333333333, 0.3333333333333333, 0.5833333333333334], [0.0, 0.72, 0.28], [0.0, 1.0, 0.0], [0.0, 0.46153846153846156, 0.5384615384615384], [0.0, 0.18181818181818182, 0.8181818181818182]]}, {"children_left": [1, 2, 3, 4, 5, -1, 7, -1, -1, 10, 11, -1, -1, -1, 15, 16, -1, -1, -1, 20, 21, -1, -1, -1, 25, 26, 27, 28, 29, 30, -1, 32, -1, -1, -1, 36, -1, -1, -1, 40, -1, -1, 43, -1, -1], "children_right": [24, 19, 14, 9, 6, -1, 8, -1, -1, 13, 12, -1, -1, -1, 18, 17, -1, -1, -1, 23, 22, -1, -1, -1, 42, 39, 38, 35, 34, 31, -1, 33, -1, -1, -1, 37, -1, -1, -1, 41, -1, -1, 44, -1, -1], "feature": [32, 8, 27, 26, 7, -2, 31, -2, -2, 7, 5, -2, -2, -2, 26, 24, -2, -2, -2, 30, 24, -2, -2, -2, 6, 11, 4, 30, 18, 3, -2, 21, -2, -2, -2, 7, -2, -2, -2, 31, -2, -2, 12, -2, -2], "threshold": [0.5, 0.5, 0.5, 0.5, 0.5, -2.0, 0.5, -2.0, -2.0, 0.5, 0.5, -2.0, -2.0, -2.0, 0.5, 0.5, -2.0, -2.0, -2.0, 0.5, 0.5, -2.0, -2.0, -2.0, 0.5, 0.5, 0.5, 0.5, 0.5, 0.5, -2.0, 0.5, -2.0, -2.0, -2.0, 0.5, -2.0, -2.0, -2.0, 0.5, -2.0, -2.0, 0.5, -2.0, -2.0], "values": [[0.35353535353535354, 0.30505050505050507, 0.3414141414141414], [0.18543046357615894, 0.3841059602649007, 0.4304635761589404], [0.13618677042801555, 0.4163424124513619, 0.4474708171206226], [0.09444444444444444, 0.48333333333333334, 0.4222222222222222], [0.13414634146341464, 0.25609756097560976, 0.6097560975609756], [0.0625, 0.1875, 0.75], [0.18, 0.3, 0.52], [0.14814814814814814, 0.4444444444444444, 0.4074074074074074], [0.21739130434782608, 0.13043478260869565, 0.6521739130434783], [0.061224489795918366, 0.673469387755102, 0.2653061224489796], [0.061224489795918366, 0.7346938775510204, 0.20408163265306123], [0.08333333333333333, 0.7222222222222222, 0.19444444444444445], [0.0, 0.7692307692307693, 0.23076923076923078], [0.061224489795918366, 0.6122448979591837, 0.32653061224489793], [0.23376623376623376, 0.2597402597402597, 0.5064935064935064], [0.07407407407407407, 0.24074074074074073, 0.6851851851851852], [0.14814814814814814, 0.2962962962962963, 0.5555555555555556], [0.0, 0.18518518518518517, 0.8148148148148148], [0.6086956521739131, 0.30434782608695654, 0.08695652173913043], [0.4666666666666667, 0.2, 0.3333333333333333], [0.2903225806451613, 0.2903225806451613, 0.41935483870967744], [0.07142857142857142, 0.5, 0.42857142857142855], [0.47058823529411764, 0.11764705882352941, 0.4117647058823529], [0.8571428571428571, 0.0, 0.14285714285714285], [0.616580310880829, 0.18134715025906736, 0.20207253886010362], [0.6776315789473685, 0.14473684210526316, 0.17763157894736842], [0.6239316239316239, 0.17094017094017094, 0.20512820512820512], [0.5531914893617021, 0.2127659574468085, 0.23404255319148937], [0.5714285714285714, 0.12857142857142856, 0.3], [0.5102040816326531, 0.14285714285714285, 0.3469387755102041], [0.23809523809523808, 0.23809523809523808, 0.5238095238095238], [0.7142857142857143, 0.07142857142857142, 0.21428571428571427], [0.6666666666666666, 0.16666666666666666, 0.16666666666666666], [0.75, 0.0, 0.25], [0.7142857142857143, 0.09523809523809523, 0.19047619047619047], [0.5, 0.4583333333333333, 0.041666666666666664], [0.4166666666666667, 0.5833333333333334, 0.0], [0.5833333333333334, 0.3333333333333333, 0.08333333333333333], [0.9130434782608695, 0.0, 0.08695652173913043], [0.8571428571428571, 0.05714285714285714, 0.08571428571428572], [0.7894736842105263, 0.05263157894736842, 0.15789473684210525], [0.9375, 0.0625, 0.0], [0.3902439024390244, 0.3170731707317073, 0.2926829268292683], [0.2608695652173913, 0.391304347826087, 0.34782608695652173], [0.5555555555555556, 0.2222222222222222, 0.2222222222222222]]}, {"children_left": [1, 2, 3, 4, 5, 6, 7, -1, -1, -1, -1, 12, -1, -1, 15, -1, -1, 18, 19, 20, 21, -1, -1, -1, -1, -1, 27, 28, 29, 30, -1, 32, -1, -1, -1, -1, 37, 38, 39, 40, 41, -1, -1, -1, -1, 46, -1, -1, 49, -1, -1], "children_right": [26, 17, 14, 11, 10, 9, 8, -1, -1, -1, -1, 13, -1, -1, 16, -1, -1, 25, 24, 23, 22, -1, -1, -1, -1, -1, 36, 35, 34, 31, -1, 33, -1, -1, -1, -1, 48, 45, 44, 43, 42, -1, -1, -1, -1, 47, -1, -1, 50, -1, -1], "feature": [24, 31, 22, 10, 11, 17, 7, -2, -2, -2, -2, 7, -2, -2, 12, -2, -2, 6, 16, 22, 7, -2, -2, -2, -2, -2, 32, 4, 0, 3, -2, 27, -2, -2, -2, -2, 30, 2, 25, 20, 7, -2, -2, -2, -2, 12, -2, -2, 28, -2, -2], "threshold": [0.5, 0.5, 0.5, 0.5, 0.5, 0.5, 0.5, -2.0, -2.0, -2.0, -2.0, 0.5, -2.0, -2.0, 0.5, -2.0, -2.0, 0.5, 0.5, 0.5, 0.5, -2.0, -2.0, -2.0, -2.0, -2.0, 0.5, 0.5, 0.5, 0.5, -2.0, 0.5, -2.0, -2.0, -2.0, -2.0, 0.5, 0.5, 0.5, 0.5, 0.5, -2.0, -2.0, -2.0, -2.0, 0.5, -2.0, -2.0, 0.5, -2.0, -2.0], "values": [[0.29494949494949496, 0.3656565656565657, 0.3393939393939394], [0.09523809523809523, 0.5714285714285714, 0.3333333333333333], [0.09032258064516129, 0.6580645161290323, 0.25161290322580643], [0.14, 0.56, 0.3], [0.17142857142857143, 0.5571428571428572, 0.2714285714285714], [0.2631578947368421, 0.631578947368421, 0.10526315789473684], [0.25925925925925924, 0.7037037037037037, 0.037037037037037035], [0.36363636363636365, 0.5454545454545454, 0.09090909090909091], [0.1875, 0.8125, 0.0], [0.2727272727272727, 0.45454545454545453, 0.2727272727272727], [0.0625, 0.46875, 0.46875], [0.06666666666666667, 0.5666666666666667, 0.36666666666666664], [0.0625, 0.5, 0.4375], [0.07142857142857142, 0.6428571428571429, 0.2857142857142857], [0.0, 0.8363636363636363, 0.16363636363636364], [0.0, 0.9259259259259259, 0.07407407407407407], [0.0, 0.75, 0.25], [0.10526315789473684, 0.39473684210526316, 0.5], [0.1, 0.3333333333333333, 0.5666666666666667], [0.12, 0.24, 0.64], [0.17647058823529413, 0.14705882352941177, 0.6764705882352942], [0.16666666666666666, 0.0, 0.8333333333333334], [0.1875, 0.3125, 0.5], [0.0, 0.4375, 0.5625], [0.0, 0.8, 0.2], [0.125, 0.625, 0.25], [0.4696969696969697, 0.1856060606060606, 0.3446969696969697], [0.2543859649122807, 0.30701754385964913, 0.43859649122807015], [0.17647058823529413, 0.3431372549019608, 0.4803921568627451], [0.2222222222222222, 0.345679012345679, 0.43209876543209874], [0.058823529411764705, 0.37254901960784315, 0.5686274509803921], [0.5, 0.3, 0.2], [0.5555555555555556, 0.3333333333333333, 0.1111111111111111], [0.4166666666666667, 0.25, 0.3333333333333333], [0.0, 0.3333333333333333, 0.6666666666666666], [0.9166666666666666, 0.0, 0.08333333333333333], [0.6333333333333333, 0.09333333333333334, 0.2733333333333333], [0.6050420168067226, 0.06722689075630252, 0.3277310924369748], [0.6951219512195121, 0.06097560975609756, 0.24390243902439024], [0.6212121212121212, 0.07575757575757576, 0.30303030303030304], [0.5384615384615384, 0.038461538461538464, 0.4230769230769231], [0.5384615384615384, 0.0, 0.46153846153846156], [0.5384615384615384, 0.07692307692307693, 0.38461538461538464], [0.675, 0.1, 0.225], [1.0, 0.0, 0.0], [0.40540540540540543, 0.08108108108108109, 0.5135135135135135], [0.34782608695652173, 0.08695652173913043, 0.5652173913043478], [0.5, 0.07142857142857142, 0.42857142857142855], [0.7419354838709677, 0.1935483870967742, 0.06451612903225806], [1.0, 0.0, 0.0], [0.6, 0.3, 0.1]]}, {"children_left": [1, 2, 3, 4, 5, 6, 7, -1, -1, -1, 11, -1, 13, 14, -1, -1, -1, 18, 19, -1, -1, -1, 23, 24, 25, 26, -1, -1, -1, -1, 31, 32, 33, 34, -1, -1, -1, -1, 39, -1, -1, 42, 43, 44, -1, -1, -1, -1, 49, 50, -1, -1, 53, -1, -1], "children_right": [48, 41, 22, 17, 10, 9, 8, -1, -1, -1, 12, -1, 16, 15, -1, -1, -1, 21, 20, -1, -1, -1, 30, 29, 28, 27, -1, -1, -1, -1, 38, 37, 36, 35, -1, -1, -1, -1, 40, -1, -1, 47, 46, 45, -1, -1, -1, -1, 52, 51, -1, -1, 54, -1, -1], "feature": [0, 6, 32, 1, 24, 22, 27, -2, -2, -2, 7, -2, 30, 31, -2, -2, -2, 31, 26, -2, -2, -2, 23, 27, 13, 17, -2, -2, -2, -2, 3, 22, 28, 7, -2, -2, -2, -2, 30, -2, -2, 25, 4, 24, -2, -2, -2, -2, 26, 5, -2, -2, 15, -2, -2], "threshold": [0.5, 0.5, 0.5, 0.5, 0.5, 0.5, 0.5, -2.0, -2.0, -2.0, 0.5, -2.0, 0.5, 0.5, -2.0, -2.0, -2.0, 0.5, 0.5, -2.0, -2.0, -2.0, 0.5, 0.5, 0.5, 0.5, -2.0, -2.0, -2.0, -2.0, 0.5, 0.5, 0.5, 0.5, -2.0, -2.0, -2.0, -2.0, 0.5, -2.0, -2.0, 0.5, 0.5, 0.5, -2.0, -2.0, -2.0, -2.0, 0.5, 0.5, -2.0, -2.0, 0.5, -2.0, -2.0], "values": [[0.36767676767676766, 0.2909090909090909, 0.3414141414141414], [0.4344660194174757, 0.2766990291262136, 0.28883495145631066], [0.45977011494252873, 0.23850574712643677, 0.3017241379310345], [0.29842931937172773, 0.34554973821989526, 0.35602094240837695], [0.3767123287671233, 0.3356164383561644, 0.2876712328767123], [0.11594202898550725, 0.6086956521739131, 0.2753623188405797], [0.1951219512195122, 0.43902439024390244, 0.36585365853658536], [0.16, 0.56, 0.28], [0.25, 0.25, 0.5], [0.0, 0.8571428571428571, 0.14285714285714285], [0.6103896103896104, 0.09090909090909091, 0.2987012987012987], [0.9130434782608695, 0.043478260869565216, 0.043478260869565216], [0.48148148148148145, 0.1111111111111111, 0.4074074074074074], [0.3939393939393939, 0.15151515151515152, 0.45454545454545453], [0.2857142857142857, 0.2857142857142857, 0.42857142857142855], [0.47368421052631576, 0.05263157894736842, 0.47368421052631576], [0.6190476190476191, 0.047619047619047616, 0.3333333333333333], [0.044444444444444446, 0.37777777777777777, 0.5777777777777777], [0.03225806451612903, 0.45161290322580644, 0.5161290322580645], [0.06666666666666667, 0.06666666666666667, 0.8666666666666667], [0.0, 0.8125, 0.1875], [0.07142857142857142, 0.21428571428571427, 0.7142857142857143], [0.6560509554140127, 0.10828025477707007, 0.2356687898089172], [0.5588235294117647, 0.14705882352941177, 0.29411764705882354], [0.5510204081632653, 0.14285714285714285, 0.30612244897959184], [0.4117647058823529, 0.20588235294117646, 0.38235294117647056], [0.5294117647058824, 0.11764705882352941, 0.35294117647058826], [0.29411764705882354, 0.29411764705882354, 0.4117647058823529], [0.8666666666666667, 0.0, 0.13333333333333333], [0.5789473684210527, 0.15789473684210525, 0.2631578947368421], [0.7303370786516854, 0.07865168539325842, 0.19101123595505617], [0.639344262295082, 0.09836065573770492, 0.26229508196721313], [0.6170212765957447, 0.0851063829787234, 0.2978723404255319], [0.5142857142857142, 0.11428571428571428, 0.37142857142857144], [0.35294117647058826, 0.23529411764705882, 0.4117647058823529], [0.6666666666666666, 0.0, 0.3333333333333333], [0.9166666666666666, 0.0, 0.08333333333333333], [0.7142857142857143, 0.14285714285714285, 0.14285714285714285], [0.9285714285714286, 0.03571428571428571, 0.03571428571428571], [0.9411764705882353, 0.0, 0.058823529411764705], [0.9090909090909091, 0.09090909090909091, 0.0], [0.296875, 0.484375, 0.21875], [0.375, 0.5, 0.125], [0.2647058823529412, 0.6176470588235294, 0.11764705882352941], [0.0, 0.8888888888888888, 0.1111111111111111], [0.5625, 0.3125, 0.125], [0.6428571428571429, 0.21428571428571427, 0.14285714285714285], [0.0625, 0.4375, 0.5], [0.03614457831325301, 0.3614457831325301, 0.6024096385542169], [0.0392156862745098, 0.23529411764705882, 0.7254901960784313], [0.0625, 0.25, 0.6875], [0.0, 0.21052631578947367, 0.7894736842105263], [0.03125, 0.5625, 0.40625], [0.0625, 0.8125, 0.125], [0.0, 0.3125, 0.6875]]}, {"children_left": [1, 2, 3, 4, 5, 6, 7, -1, 9, -1, -1, -1, -1, 14, 15, -1, -1, -1, 19, -1, -1, 22, 23, 24, -1, -1, -1, -1, 29, 30, 31, -1, -1, 34, -1, 36, -1, -1, 39, 40, -1, 42, -1, -1, 45, -1, -1], "children_right": [28, 21, 18, 13, 12, 11, 8, -1, 10, -1, -1, -1, -1, 17, 16, -1, -1, -1, 20, -1, -1, 27, 26, 25, -1, -1, -1, -1, 38, 33, 32, -1, -1, 35, -1, 37, -1, -1, 44, 41, -1, 43, -1, -1, 46, -1, -1], "feature": [32, 0, 17, 24, 6, 18, 28, -2, 21, -2, -2, -2, -2, 22, 28, -2, -2, -2, 2, -2, -2, 20, 17, 26, -2, -2, -2, -2, 23, 26, 20, -2, -2, 7, -2, 3, -2, -2, 7, 20, -2, 21, -2, -2, 21, -2, -2], "threshold": [0.5, 0.5, 0.5, 0.5, 0.5, 0.5, 0.5, -2.0, 0.5, -2.0, -2.0, -2.0, -2.0, 0.5, 0.5, -2.0, -2.0, -2.0, 0.5, -2.0, -2.0, 0.5, 0.5, 0.5, -2.0, -2.0, -2.0, -2.0, 0.5, 0.5, 0.5, -2.0, -2.0, 0.5, -2.0, 0.5, -2.0, -2.0, 0.5, 0.5, -2.0, 0.5, -2.0, -2.0, 0.5, -2.0, -2.0], "values": [[0.3212121212121212, 0.37575757575757573, 0.30303030303030304], [0.14878892733564014, 0.4913494809688581, 0.35986159169550175], [0.20673076923076922, 0.47596153846153844, 0.3173076923076923], [0.2077922077922078, 0.5064935064935064, 0.2857142857142857], [0.03529411764705882, 0.7058823529411765, 0.25882352941176473], [0.04225352112676056, 0.647887323943662, 0.30985915492957744], [0.016666666666666666, 0.7, 0.2833333333333333], [0.038461538461538464, 0.46153846153846156, 0.5], [0.0, 0.8823529411764706, 0.11764705882352941], [0.0, 0.875, 0.125], [0.0, 0.8888888888888888, 0.1111111111111111], [0.18181818181818182, 0.36363636363636365, 0.45454545454545453], [0.0, 1.0, 0.0], [0.42028985507246375, 0.2608695652173913, 0.3188405797101449], [0.5116279069767442, 0.16279069767441862, 0.32558139534883723], [0.34782608695652173, 0.13043478260869565, 0.5217391304347826], [0.7, 0.2, 0.1], [0.2692307692307692, 0.4230769230769231, 0.3076923076923077], [0.2037037037037037, 0.3888888888888889, 0.4074074074074074], [0.2777777777777778, 0.3055555555555556, 0.4166666666666667], [0.05555555555555555, 0.5555555555555556, 0.3888888888888889], [0.0, 0.5308641975308642, 0.4691358024691358], [0.0, 0.5882352941176471, 0.4117647058823529], [0.0, 0.5454545454545454, 0.45454545454545453], [0.0, 0.42105263157894735, 0.5789473684210527], [0.0, 0.64, 0.36], [0.0, 0.6666666666666666, 0.33333333333